<?xml version="1.0" encoding="utf-8"?>
<COLLADA xmlns="http://www.collada.org/2005/11/COLLADASchema" version="1.4.1">
  <asset><contributor><author></author><authoring_tool>FBX COLLADA exporter</authoring_tool><comments></comments></contributor><created>2016-10-10T04:31:07Z</created><keywords></keywords><modified>2016-10-10T04:31:07Z</modified><revision></revision><subject></subject><title></title><unit meter="0.010000" name="centimeter"></unit><up_axis>Y_UP</up_axis></asset>
  <library_materials>
    <material id="lambert1" name="lambert1">
      <instance_effect url="#lambert1-fx"/>
    </material>
  </library_materials>
  <library_effects>
    <effect id="lambert1-fx" name="lambert1">
      <profile_COMMON>
        <technique sid="standard">
          <lambert>
            <emission>
              <color sid="emission">0.000000  0.000000 0.000000 1.000000</color>
            </emission>
            <ambient>
              <color sid="ambient">0.000000  0.000000 0.000000 1.000000</color>
            </ambient>
            <diffuse>
              <color sid="diffuse">0.400000  0.400000 0.400000 1.000000</color>
            </diffuse>
            <transparent opaque="RGB_ZERO">
              <color sid="transparent">0.000000  0.000000 0.000000 1.000000</color>
            </transparent>
            <transparency>
              <float sid="transparency">1.000000</float>
            </transparency>
          </lambert>
        </technique>
      </profile_COMMON>
    </effect>
  </library_effects>
  <library_geometries>
    <geometry id="molino-lib" name="molinoMesh">
      <mesh>
        <source id="molino-POSITION">
          <float_array id="molino-POSITION-array" count="24">
-8.235956 0.474744 5.475767
5.540428 0.474744 5.475767
-8.235956 24.281944 5.475767
5.540428 24.281944 5.475767
-8.235956 24.281944 -8.300617
5.540428 24.281944 -8.300617
-8.235956 0.474744 -8.300617
5.540428 0.474744 -8.300617
</float_array>
          <technique_common>
            <accessor source="#molino-POSITION-array" count="8" stride="3">
              <param name="X" type="float"/>
              <param name="Y" type="float"/>
              <param name="Z" type="float"/>
            </accessor>
          </technique_common>
        </source>
        <source id="molino-Normal0">
          <float_array id="molino-Normal0-array" count="108">
0.000000 0.000000 1.000000
0.000000 0.000000 1.000000
0.000000 0.000000 1.000000
0.000000 0.000000 1.000000
0.000000 0.000000 1.000000
0.000000 0.000000 1.000000
0.000000 1.000000 0.000000
0.000000 1.000000 0.000000
0.000000 1.000000 0.000000
0.000000 1.000000 0.000000
0.000000 1.000000 0.000000
0.000000 1.000000 0.000000
0.000000 0.000000 -1.000000
0.000000 0.000000 -1.000000
0.000000 0.000000 -1.000000
0.000000 0.000000 -1.000000
0.000000 0.000000 -1.000000
0.000000 0.000000 -1.000000
0.000000 -1.000000 0.000000
0.000000 -1.000000 0.000000
0.000000 -1.000000 0.000000
0.000000 -1.000000 0.000000
0.000000 -1.000000 0.000000
0.000000 -1.000000 0.000000
1.000000 0.000000 0.000000
1.000000 0.000000 0.000000
1.000000 0.000000 0.000000
1.000000 0.000000 0.000000
1.000000 0.000000 0.000000
1.000000 0.000000 0.000000
-1.000000 0.000000 0.000000
-1.000000 0.000000 0.000000
-1.000000 0.000000 0.000000
-1.000000 0.000000 0.000000
-1.000000 0.000000 0.000000
-1.000000 0.000000 0.000000
</float_array>
          <technique_common>
            <accessor source="#molino-Normal0-array" count="36" stride="3">
              <param name="X" type="float"/>
              <param name="Y" type="float"/>
              <param name="Z" type="float"/>
            </accessor>
          </technique_common>
        </source>
        <source id="molino-UV0">
          <float_array id="molino-UV0-array" count="28">
0.375000 0.000000
0.625000 0.000000
0.375000 0.250000
0.625000 0.250000
0.375000 0.500000
0.625000 0.500000
0.375000 0.750000
0.625000 0.750000
0.375000 1.000000
0.625000 1.000000
0.875000 0.000000
0.875000 0.250000
0.125000 0.000000
0.125000 0.250000
</float_array>
          <technique_common>
            <accessor source="#molino-UV0-array" count="14" stride="2">
              <param name="S" type="float"/>
              <param name="T" type="float"/>
            </accessor>
          </technique_common>
        </source>
        <vertices id="molino-VERTEX">
          <input semantic="POSITION" source="#molino-POSITION"/>
        </vertices>
        <triangles count="12" material="lambert1"><input semantic="VERTEX" offset="0" source="#molino-VERTEX"/><input semantic="NORMAL" offset="1" source="#molino-Normal0"/><input semantic="TEXCOORD" offset="2" set="0" source="#molino-UV0"/><p> 3 0 3 2 1 2 0 2 0 3 3 3 0 4 0 1 5 1 3 6 3 5 7 5 2 8 2 2 9 2 5 10 5 4 11 4 7 12 7 6 13 6 4 14 4 7 15 7 4 16 4 5 17 5 1 18 9 0 19 8 6 20 6 1 21 9 6 22 6 7 23 7 3 24 3 1 25 1 5 26 11 1 27 1 7 28 10 5 29 11 2 30 2 6 31 12 0 32 0 6 33 12 2 34 2 4 35 13</p></triangles>
      </mesh>
    </geometry>
    <geometry id="aspas-lib" name="aspasMesh">
      <mesh>
        <source id="aspas-POSITION">
          <float_array id="aspas-POSITION-array" count="96">
-1.325999 21.546528 6.964481
19.947104 21.546528 6.964481
-1.325999 24.902044 6.964481
19.947104 24.902044 6.964481
-1.325999 24.902044 5.815074
19.947104 24.902044 5.815074
-1.325999 21.546528 5.815074
19.947104 21.546528 5.815074
0.881283 23.858917 6.964481
0.881283 45.132042 6.964481
-2.474236 23.858917 6.964481
-2.474236 45.132042 6.964481
-2.474236 23.858917 5.815074
-2.474236 45.132042 5.815074
0.881283 23.858917 5.815074
0.881283 45.132042 5.815074
-22.748816 22.712259 6.964481
-1.475714 22.712259 6.964481
-22.748816 26.067776 6.964481
-1.475714 26.067776 6.964481
-22.748816 26.067776 5.815074
-1.475714 26.067776 5.815074
-22.748816 22.712259 5.815074
-1.475714 22.712259 5.815074
-1.017751 2.765548 6.964481
-1.017751 24.038645 6.964481
-4.373271 2.765548 6.964481
-4.373271 24.038645 6.964481
-4.373271 2.765548 5.815074
-4.373271 24.038645 5.815074
-1.017751 2.765548 5.815074
-1.017751 24.038645 5.815074
</float_array>
          <technique_common>
            <accessor source="#aspas-POSITION-array" count="32" stride="3">
              <param name="X" type="float"/>
              <param name="Y" type="float"/>
              <param name="Z" type="float"/>
            </accessor>
          </technique_common>
        </source>
        <source id="aspas-Normal0">
          <float_array id="aspas-Normal0-array" count="432">
0.000000 0.000000 1.000000
0.000000 0.000000 1.000000
0.000000 0.000000 1.000000
0.000000 0.000000 1.000000
0.000000 0.000000 1.000000
0.000000 0.000000 1.000000
0.000000 1.000000 0.000000
0.000000 1.000000 0.000000
0.000000 1.000000 0.000000
0.000000 1.000000 0.000000
0.000000 1.000000 0.000000
0.000000 1.000000 0.000000
0.000000 0.000000 -1.000000
0.000000 0.000000 -1.000000
0.000000 0.000000 -1.000000
0.000000 0.000000 -1.000000
0.000000 0.000000 -1.000000
0.000000 0.000000 -1.000000
0.000000 -1.000000 0.000000
0.000000 -1.000000 0.000000
0.000000 -1.000000 0.000000
0.000000 -1.000000 0.000000
0.000000 -1.000000 0.000000
0.000000 -1.000000 0.000000
1.000000 0.000000 0.000000
1.000000 0.000000 0.000000
1.000000 0.000000 0.000000
1.000000 0.000000 0.000000
1.000000 0.000000 0.000000
1.000000 0.000000 0.000000
-1.000000 0.000000 0.000000
-1.000000 0.000000 0.000000
-1.000000 0.000000 0.000000
-1.000000 0.000000 0.000000
-1.000000 0.000000 0.000000
-1.000000 0.000000 0.000000
0.000000 0.000000 1.000000
0.000000 0.000000 1.000000
0.000000 0.000000 1.000000
0.000000 0.000000 1.000000
0.000000 0.000000 1.000000
0.000000 0.000000 1.000000
-1.000000 0.000000 0.000000
-1.000000 0.000000 0.000000
-1.000000 0.000000 0.000000
-1.000000 0.000000 0.000000
-1.000000 0.000000 0.000000
-1.000000 0.000000 0.000000
0.000000 0.000000 -1.000000
0.000000 0.000000 -1.000000
0.000000 0.000000 -1.000000
0.000000 0.000000 -1.000000
0.000000 0.000000 -1.000000
0.000000 0.000000 -1.000000
1.000000 0.000000 0.000000
1.000000 0.000000 0.000000
1.000000 0.000000 0.000000
1.000000 0.000000 0.000000
1.000000 0.000000 0.000000
1.000000 0.000000 0.000000
0.000000 1.000000 0.000000
0.000000 1.000000 0.000000
0.000000 1.000000 0.000000
0.000000 1.000000 0.000000
0.000000 1.000000 0.000000
0.000000 1.000000 0.000000
0.000000 -1.000000 0.000000
0.000000 -1.000000 0.000000
0.000000 -1.000000 0.000000
0.000000 -1.000000 0.000000
0.000000 -1.000000 0.000000
0.000000 -1.000000 0.000000
0.000000 0.000000 1.000000
0.000000 0.000000 1.000000
0.000000 0.000000 1.000000
0.000000 0.000000 1.000000
0.000000 0.000000 1.000000
0.000000 0.000000 1.000000
0.000000 1.000000 0.000000
0.000000 1.000000 0.000000
0.000000 1.000000 0.000000
0.000000 1.000000 0.000000
0.000000 1.000000 0.000000
0.000000 1.000000 0.000000
0.000000 0.000000 -1.000000
0.000000 0.000000 -1.000000
0.000000 0.000000 -1.000000
0.000000 0.000000 -1.000000
0.000000 0.000000 -1.000000
0.000000 0.000000 -1.000000
0.000000 -1.000000 0.000000
0.000000 -1.000000 0.000000
0.000000 -1.000000 0.000000
0.000000 -1.000000 0.000000
0.000000 -1.000000 0.000000
0.000000 -1.000000 0.000000
1.000000 0.000000 0.000000
1.000000 0.000000 0.000000
1.000000 0.000000 0.000000
1.000000 0.000000 0.000000
1.000000 0.000000 0.000000
1.000000 0.000000 0.000000
-1.000000 0.000000 0.000000
-1.000000 0.000000 0.000000
-1.000000 0.000000 0.000000
-1.000000 0.000000 0.000000
-1.000000 0.000000 0.000000
-1.000000 0.000000 0.000000
0.000000 0.000000 1.000000
0.000000 0.000000 1.000000
0.000000 0.000000 1.000000
0.000000 0.000000 1.000000
0.000000 0.000000 1.000000
0.000000 0.000000 1.000000
-1.000000 0.000000 0.000000
-1.000000 0.000000 0.000000
-1.000000 0.000000 0.000000
-1.000000 0.000000 0.000000
-1.000000 0.000000 0.000000
-1.000000 0.000000 0.000000
0.000000 0.000000 -1.000000
0.000000 0.000000 -1.000000
0.000000 0.000000 -1.000000
0.000000 0.000000 -1.000000
0.000000 0.000000 -1.000000
0.000000 0.000000 -1.000000
1.000000 0.000000 0.000000
1.000000 0.000000 0.000000
1.000000 0.000000 0.000000
1.000000 0.000000 0.000000
1.000000 0.000000 0.000000
1.000000 0.000000 0.000000
0.000000 1.000000 0.000000
0.000000 1.000000 0.000000
0.000000 1.000000 0.000000
0.000000 1.000000 0.000000
0.000000 1.000000 0.000000
0.000000 1.000000 0.000000
0.000000 -1.000000 0.000000
0.000000 -1.000000 0.000000
0.000000 -1.000000 0.000000
0.000000 -1.000000 0.000000
0.000000 -1.000000 0.000000
0.000000 -1.000000 0.000000
</float_array>
          <technique_common>
            <accessor source="#aspas-Normal0-array" count="144" stride="3">
              <param name="X" type="float"/>
              <param name="Y" type="float"/>
              <param name="Z" type="float"/>
            </accessor>
          </technique_common>
        </source>
        <source id="aspas-UV0">
          <float_array id="aspas-UV0-array" count="112">
0.375000 0.000000
0.625000 0.000000
0.375000 0.250000
0.625000 0.250000
0.375000 0.500000
0.625000 0.500000
0.375000 0.750000
0.625000 0.750000
0.375000 1.000000
0.625000 1.000000
0.875000 0.000000
0.875000 0.250000
0.125000 0.000000
0.125000 0.250000
0.375000 0.000000
0.625000 0.000000
0.625000 0.250000
0.375000 0.250000
0.625000 0.500000
0.375000 0.500000
0.625000 0.750000
0.375000 0.750000
0.625000 1.000000
0.375000 1.000000
0.875000 0.000000
0.875000 0.250000
0.125000 0.000000
0.125000 0.250000
0.375000 0.000000
0.625000 0.000000
0.625000 0.250000
0.375000 0.250000
0.625000 0.500000
0.375000 0.500000
0.625000 0.750000
0.375000 0.750000
0.625000 1.000000
0.375000 1.000000
0.875000 0.000000
0.875000 0.250000
0.125000 0.000000
0.125000 0.250000
0.375000 0.000000
0.625000 0.000000
0.625000 0.250000
0.375000 0.250000
0.625000 0.500000
0.375000 0.500000
0.625000 0.750000
0.375000 0.750000
0.625000 1.000000
0.375000 1.000000
0.875000 0.000000
0.875000 0.250000
0.125000 0.000000
0.125000 0.250000
</float_array>
          <technique_common>
            <accessor source="#aspas-UV0-array" count="56" stride="2">
              <param name="S" type="float"/>
              <param name="T" type="float"/>
            </accessor>
          </technique_common>
        </source>
        <vertices id="aspas-VERTEX">
          <input semantic="POSITION" source="#aspas-POSITION"/>
        </vertices>
        <triangles count="48" material="lambert1"><input semantic="VERTEX" offset="0" source="#aspas-VERTEX"/><input semantic="NORMAL" offset="1" source="#aspas-Normal0"/><input semantic="TEXCOORD" offset="2" set="0" source="#aspas-UV0"/><p> 3 0 3 2 1 2 0 2 0 3 3 3 0 4 0 1 5 1 2 6 2 3 7 3 5 8 5 2 9 2 5 10 5 4 11 4 7 12 7 6 13 6 4 14 4 7 15 7 4 16 4 5 17 5 1 18 9 0 19 8 6 20 6 1 21 9 6 22 6 7 23 7 7 24 10 5 25 11 1 26 1 3 27 3 1 28 1 5 29 11 2 30 2 6 31 12 0 32 0 6 33 12 2 34 2 4 35 13 11 36 16 8 37 14 9 38 15 8 39 14 11 40 16 10 41 17 10 42 17 11 43 16 13 44 18 10 45 17 13 46 18 12 47 19 15 48 20 14 49 21 12 50 19 12 51 19 13 52 18 15 53 20 9 54 22 8 55 23 14 56 21 9 57 22 14 58 21 15 59 20 15 60 24 13 61 25 9 62 15 11 63 16 9 64 15 13 65 25 10 66 17 14 67 26 8 68 14 14 69 26 10 70 17 12 71 27 19 72 30 18 73 31 16 74 28 19 75 30 16 76 28 17 77 29 18 78 31 19 79 30 21 80 32 18 81 31 21 82 32 20 83 33 23 84 34 22 85 35 20 86 33 23 87 34 20 88 33 21 89 32 17 90 36 16 91 37 22 92 35 17 93 36 22 94 35 23 95 34 23 96 38 21 97 39 17 98 29 19 99 30 17 100 29 21 101 39 18 102 31 22 103 40 16 104 28 22 105 40 18 106 31 20 107 41 27 108 44 24 109 42 25 110 43 24 111 42 27 112 44 26 113 45 26 114 45 27 115 44 29 116 46 26 117 45 29 118 46 28 119 47 31 120 48 30 121 49 28 122 47 28 123 47 29 124 46 31 125 48 25 126 50 24 127 51 30 128 49 25 129 50 30 130 49 31 131 48 31 132 52 29 133 53 25 134 43 27 135 44 25 136 43 29 137 53 26 138 45 30 139 54 24 140 42 30 141 54 26 142 45 28 143 55</p></triangles>
      </mesh>
    </geometry>
  </library_geometries>
  <library_animations>
    <animation id="aspas-anim" name="aspas"><animation><source id="aspas-Matrix-animation-input"><float_array id="aspas-Matrix-animation-input-array" count="120">

0.041667 0.083333 0.125000 0.166667 0.208333 0.250000 0.291667 0.333333 0.375000 0.416667 0.458333 0.500000 0.541667 0.583333 0.625000 0.666667
0.708333 0.750000 0.791667 0.833333 0.875000 0.916667 0.958333 1.000000 1.041667 1.083333 1.125000 1.166667 1.208333 1.250000 1.291667 1.333333
1.375000 1.416667 1.458333 1.500000 1.541667 1.583333 1.625000 1.666667 1.708333 1.750000 1.791667 1.833333 1.875000 1.916667 1.958333 2.000000
2.041667 2.083333 2.125000 2.166667 2.208333 2.250000 2.291667 2.333333 2.375000 2.416667 2.458333 2.500000 2.541667 2.583333 2.625000 2.666667
2.708333 2.750000 2.791667 2.833333 2.875000 2.916667 2.958333 3.000000 3.041667 3.083333 3.125000 3.166667 3.208333 3.250000 3.291667 3.333333
3.375000 3.416667 3.458333 3.500000 3.541667 3.583333 3.625000 3.666667 3.708333 3.750000 3.791667 3.833333 3.875000 3.916667 3.958333 4.000000
4.041667 4.083333 4.125000 4.166667 4.208333 4.250000 4.291667 4.333333 4.375000 4.416667 4.458333 4.500000 4.541667 4.583333 4.625000 4.666667
4.708333 4.750000 4.791667 4.833333 4.875000 4.916667 4.958333 5.000000</float_array><technique_common><accessor source="#aspas-Matrix-animation-input-array" count="120"><param name="TIME" type="float"/></accessor></technique_common></source><source id="aspas-Matrix-animation-output-transform"><float_array id="aspas-Matrix-animation-output-transform-array" count="1920">

1.000000 0.000000 0.000000 0.000000 0.000000 1.000000 0.000000 0.000000 0.000000 0.000000 1.000000 0.000000 0.000000 0.000000 0.000000 1.000000
0.998606 -0.052775 0.000000 1.261953 0.052775 0.998606 0.000000 0.107306 0.000000 0.000000 1.000000 0.000000 0.000000 0.000000 0.000000 1.000000
0.994430 -0.105404 0.000000 2.516484 0.105404 0.994430 0.000000 0.281062 0.000000 0.000000 1.000000 0.000000 0.000000 0.000000 0.000000 1.000000
0.987481 -0.157738 0.000000 3.760096 0.157738 0.987481 0.000000 0.520784 0.000000 0.000000 1.000000 0.000000 0.000000 0.000000 0.000000 1.000000
0.977780 -0.209633 0.000000 4.989325 0.209633 0.977780 0.000000 0.825804 0.000000 0.000000 1.000000 0.000000 0.000000 0.000000 0.000000 1.000000
0.965354 -0.260943 0.000000 6.200742 0.260943 0.965354 0.000000 1.195272 0.000000 0.000000 1.000000 0.000000 0.000000 0.000000 0.000000 1.000000
0.950237 -0.311527 0.000000 7.390972 0.311527 0.950237 0.000000 1.628158 0.000000 0.000000 1.000000 0.000000 0.000000 0.000000 0.000000 1.000000
0.932472 -0.361242 0.000000 8.556698 0.361242 0.932472 0.000000 2.123255 0.000000 0.000000 1.000000 0.000000 0.000000 0.000000 0.000000 1.000000
0.912108 -0.409950 0.000000 9.694671 0.409950 0.912108 0.000000 2.679185 0.000000 0.000000 1.000000 0.000000 0.000000 0.000000 0.000000 1.000000
0.889202 -0.457515 0.000000 10.801718 0.457515 0.889202 0.000000 3.294396 0.000000 0.000000 1.000000 0.000000 0.000000 0.000000 0.000000 1.000000
0.863817 -0.503806 0.000000 11.874755 0.503806 0.863817 0.000000 3.967175 0.000000 0.000000 1.000000 0.000000 0.000000 0.000000 0.000000 1.000000
0.836025 -0.548692 0.000000 12.910789 0.548692 0.836025 0.000000 4.695646 0.000000 0.000000 1.000000 0.000000 0.000000 0.000000 0.000000 1.000000
0.805902 -0.592049 0.000000 13.906936 0.592049 0.805902 0.000000 5.477779 0.000000 0.000000 1.000000 0.000000 0.000000 0.000000 0.000000 1.000000
0.773534 -0.633755 0.000000 14.860416 0.633755 0.773534 0.000000 6.311395 0.000000 0.000000 1.000000 0.000000 0.000000 0.000000 0.000000 1.000000
0.739009 -0.673696 0.000000 15.768573 0.673696 0.739009 0.000000 7.194168 0.000000 0.000000 1.000000 0.000000 0.000000 0.000000 0.000000 1.000000
0.702425 -0.711758 0.000000 16.628876 0.711758 0.702425 0.000000 8.123640 0.000000 0.000000 1.000000 0.000000 0.000000 0.000000 0.000000 1.000000
0.663882 -0.747837 0.000000 17.438929 0.747837 0.663882 0.000000 9.097219 0.000000 0.000000 1.000000 0.000000 0.000000 0.000000 0.000000 1.000000
0.623490 -0.781831 0.000000 18.196468 0.781831 0.623490 0.000000 10.112192 0.000000 0.000000 1.000000 0.000000 0.000000 0.000000 0.000000 1.000000
0.581359 -0.813647 0.000000 18.899387 0.813647 0.581359 0.000000 11.165730 0.000000 0.000000 1.000000 0.000000 0.000000 0.000000 0.000000 1.000000
0.537609 -0.843194 0.000000 19.545729 0.843194 0.537609 0.000000 12.254898 0.000000 0.000000 1.000000 0.000000 0.000000 0.000000 0.000000 1.000000
0.492360 -0.870392 0.000000 20.133684 0.870392 0.492360 0.000000 13.376657 0.000000 0.000000 1.000000 0.000000 0.000000 0.000000 0.000000 1.000000
0.445738 -0.895163 0.000000 20.661621 0.895163 0.445738 0.000000 14.527884 0.000000 0.000000 1.000000 0.000000 0.000000 0.000000 0.000000 1.000000
0.397875 -0.917440 0.000000 21.128067 0.917440 0.397875 0.000000 15.705366 0.000000 0.000000 1.000000 0.000000 0.000000 0.000000 0.000000 1.000000
0.348902 -0.937159 0.000000 21.531719 0.937159 0.348902 0.000000 16.905828 0.000000 0.000000 1.000000 0.000000 0.000000 0.000000 0.000000 1.000000
0.298957 -0.954267 0.000000 21.871454 0.954267 0.298957 0.000000 18.125917 0.000000 0.000000 1.000000 0.000000 0.000000 0.000000 0.000000 1.000000
0.248178 -0.968714 0.000000 22.146326 0.968714 0.248178 0.000000 19.362234 0.000000 0.000000 1.000000 0.000000 0.000000 0.000000 0.000000 1.000000
0.196708 -0.980462 0.000000 22.355568 0.980462 0.196708 0.000000 20.611340 0.000000 0.000000 1.000000 0.000000 0.000000 0.000000 0.000000 1.000000
0.144690 -0.989477 0.000000 22.498594 0.989477 0.144690 0.000000 21.869743 0.000000 0.000000 1.000000 0.000000 0.000000 0.000000 0.000000 1.000000
0.092268 -0.995734 0.000000 22.575010 0.995734 0.092268 0.000000 23.133942 0.000000 0.000000 1.000000 0.000000 0.000000 0.000000 0.000000 1.000000
0.039590 -0.999216 0.000000 22.584600 0.999216 0.039590 0.000000 24.400414 0.000000 0.000000 1.000000 0.000000 0.000000 0.000000 0.000000 1.000000
-0.013200 -0.999913 0.000000 22.527340 0.999913 -0.013200 0.000000 25.665625 0.000000 0.000000 1.000000 0.000000 0.000000 0.000000 0.000000 1.000000
-0.065952 -0.997823 0.000000 22.403387 0.997823 -0.065952 0.000000 26.926048 0.000000 0.000000 1.000000 0.000000 0.000000 0.000000 0.000000 1.000000
-0.118521 -0.992952 0.000000 22.213085 0.992952 -0.118521 0.000000 28.178179 0.000000 0.000000 1.000000 0.000000 0.000000 0.000000 0.000000 1.000000
-0.170759 -0.985313 0.000000 21.956970 0.985313 -0.170759 0.000000 29.418518 0.000000 0.000000 1.000000 0.000000 0.000000 0.000000 0.000000 1.000000
-0.222521 -0.974928 0.000000 21.635752 0.974928 -0.222521 0.000000 30.643612 0.000000 0.000000 1.000000 0.000000 0.000000 0.000000 0.000000 1.000000
-0.273663 -0.961826 0.000000 21.250324 0.961826 -0.273663 0.000000 31.850050 0.000000 0.000000 1.000000 0.000000 0.000000 0.000000 0.000000 1.000000
-0.324042 -0.946043 0.000000 20.801765 0.946043 -0.324042 0.000000 33.034462 0.000000 0.000000 1.000000 0.000000 0.000000 0.000000 0.000000 1.000000
-0.373518 -0.927623 0.000000 20.291325 0.927623 -0.373518 0.000000 34.193550 0.000000 0.000000 1.000000 0.000000 0.000000 0.000000 0.000000 1.000000
-0.421954 -0.906617 0.000000 19.720423 0.906617 -0.421954 0.000000 35.324085 0.000000 0.000000 1.000000 0.000000 0.000000 0.000000 0.000000 1.000000
-0.469213 -0.883085 0.000000 19.090652 0.883085 -0.469213 0.000000 36.422916 0.000000 0.000000 1.000000 0.000000 0.000000 0.000000 0.000000 1.000000
-0.515164 -0.857092 0.000000 18.403769 0.857092 -0.515164 0.000000 37.486977 0.000000 0.000000 1.000000 0.000000 0.000000 0.000000 0.000000 1.000000
-0.559679 -0.828709 0.000000 17.661684 0.828709 -0.559679 0.000000 38.513309 0.000000 0.000000 1.000000 0.000000 0.000000 0.000000 0.000000 1.000000
-0.602635 -0.798017 0.000000 16.866472 0.798017 -0.602635 0.000000 39.499043 0.000000 0.000000 1.000000 0.000000 0.000000 0.000000 0.000000 1.000000
-0.643910 -0.765101 0.000000 16.020344 0.765101 -0.643910 0.000000 40.441437 0.000000 0.000000 1.000000 0.000000 0.000000 0.000000 0.000000 1.000000
-0.683391 -0.730052 0.000000 15.125661 0.730052 -0.683391 0.000000 41.337864 0.000000 0.000000 1.000000 0.000000 0.000000 0.000000 0.000000 1.000000
-0.720968 -0.692968 0.000000 14.184911 0.692968 -0.720968 0.000000 42.185825 0.000000 0.000000 1.000000 0.000000 0.000000 0.000000 0.000000 1.000000
-0.756535 -0.653953 0.000000 13.200725 0.653953 -0.756535 0.000000 42.982952 0.000000 0.000000 1.000000 0.000000 0.000000 0.000000 0.000000 1.000000
-0.789993 -0.613116 0.000000 12.175841 0.613116 -0.789993 0.000000 43.727032 0.000000 0.000000 1.000000 0.000000 0.000000 0.000000 0.000000 1.000000
-0.821250 -0.570569 0.000000 11.113117 0.570569 -0.821250 0.000000 44.415981 0.000000 0.000000 1.000000 0.000000 0.000000 0.000000 0.000000 1.000000
-0.850217 -0.526432 0.000000 10.015515 0.526432 -0.850217 0.000000 45.047890 0.000000 0.000000 1.000000 0.000000 0.000000 0.000000 0.000000 1.000000
-0.876815 -0.480828 0.000000 8.886093 0.480828 -0.876815 0.000000 45.620987 0.000000 0.000000 1.000000 0.000000 0.000000 0.000000 0.000000 1.000000
-0.900969 -0.433884 0.000000 7.727994 0.433884 -0.900969 0.000000 46.133686 0.000000 0.000000 1.000000 0.000000 0.000000 0.000000 0.000000 1.000000
-0.922612 -0.385730 0.000000 6.544457 0.385730 -0.922612 0.000000 46.584545 0.000000 0.000000 1.000000 0.000000 0.000000 0.000000 0.000000 1.000000
-0.941683 -0.336501 0.000000 5.338775 0.336501 -0.941683 0.000000 46.972317 0.000000 0.000000 1.000000 0.000000 0.000000 0.000000 0.000000 1.000000
-0.958130 -0.286335 0.000000 4.114308 0.286335 -0.958130 0.000000 47.295918 0.000000 0.000000 1.000000 0.000000 0.000000 0.000000 0.000000 1.000000
-0.971906 -0.235370 0.000000 2.874470 0.235370 -0.971906 0.000000 47.554447 0.000000 0.000000 1.000000 0.000000 0.000000 0.000000 0.000000 1.000000
-0.982973 -0.183750 0.000000 1.622715 0.183750 -0.982973 0.000000 47.747181 0.000000 0.000000 1.000000 0.000000 0.000000 0.000000 0.000000 1.000000
-0.991301 -0.131617 0.000000 0.362527 0.131617 -0.991301 0.000000 47.873589 0.000000 0.000000 1.000000 0.000000 0.000000 0.000000 0.000000 1.000000
-0.996865 -0.079117 0.000000 -0.902570 0.079117 -0.996865 0.000000 47.933308 0.000000 0.000000 1.000000 0.000000 0.000000 0.000000 0.000000 1.000000
-0.999652 -0.026397 0.000000 -2.169055 0.026397 -0.999652 0.000000 47.926182 0.000000 0.000000 1.000000 0.000000 0.000000 0.000000 0.000000 1.000000
-0.999652 0.026397 0.000000 -3.433400 -0.026397 -0.999652 0.000000 47.852226 0.000000 0.000000 1.000000 0.000000 0.000000 0.000000 0.000000 1.000000
-0.996865 0.079117 0.000000 -4.692079 -0.079117 -0.996865 0.000000 47.711647 0.000000 0.000000 1.000000 0.000000 0.000000 0.000000 0.000000 1.000000
-0.991301 0.131617 0.000000 -5.941585 -0.131617 -0.991301 0.000000 47.504833 0.000000 0.000000 1.000000 0.000000 0.000000 0.000000 0.000000 1.000000
-0.982973 0.183750 0.000000 -7.178442 -0.183750 -0.982973 0.000000 47.232368 0.000000 0.000000 1.000000 0.000000 0.000000 0.000000 0.000000 1.000000
-0.971906 0.235370 0.000000 -8.399189 -0.235370 -0.971906 0.000000 46.895008 0.000000 0.000000 1.000000 0.000000 0.000000 0.000000 0.000000 1.000000
-0.958130 0.286335 0.000000 -9.600430 -0.286335 -0.958130 0.000000 46.493690 0.000000 0.000000 1.000000 0.000000 0.000000 0.000000 0.000000 1.000000
-0.941683 0.336501 0.000000 -10.778818 -0.336501 -0.941683 0.000000 46.029537 0.000000 0.000000 1.000000 0.000000 0.000000 0.000000 0.000000 1.000000
-0.922612 0.385730 0.000000 -11.931068 -0.385730 -0.922612 0.000000 45.503841 0.000000 0.000000 1.000000 0.000000 0.000000 0.000000 0.000000 1.000000
-0.900969 0.433884 0.000000 -13.053968 -0.433884 -0.900969 0.000000 44.918068 0.000000 0.000000 1.000000 0.000000 0.000000 0.000000 0.000000 1.000000
-0.876815 0.480828 0.000000 -14.144395 -0.480828 -0.876815 0.000000 44.273846 0.000000 0.000000 1.000000 0.000000 0.000000 0.000000 0.000000 1.000000
-0.850217 0.526432 0.000000 -15.199297 -0.526432 -0.850217 0.000000 43.572975 0.000000 0.000000 1.000000 0.000000 0.000000 0.000000 0.000000 1.000000
-0.821250 0.570569 0.000000 -16.215742 -0.570569 -0.821250 0.000000 42.817410 0.000000 0.000000 1.000000 0.000000 0.000000 0.000000 0.000000 1.000000
-0.789993 0.613116 0.000000 -17.190893 -0.613116 -0.789993 0.000000 42.009254 0.000000 0.000000 1.000000 0.000000 0.000000 0.000000 0.000000 1.000000
-0.756535 0.653953 0.000000 -18.122036 -0.653953 -0.756535 0.000000 41.150761 0.000000 0.000000 1.000000 0.000000 0.000000 0.000000 0.000000 1.000000
-0.720968 0.692968 0.000000 -19.006573 -0.692968 -0.720968 0.000000 40.244324 0.000000 0.000000 1.000000 0.000000 0.000000 0.000000 0.000000 1.000000
-0.683391 0.730052 0.000000 -19.842045 -0.730052 -0.683391 0.000000 39.292465 0.000000 0.000000 1.000000 0.000000 0.000000 0.000000 0.000000 1.000000
-0.643910 0.765101 0.000000 -20.626114 -0.765101 -0.643910 0.000000 38.297840 0.000000 0.000000 1.000000 0.000000 0.000000 0.000000 0.000000 1.000000
-0.602635 0.798017 0.000000 -21.356598 -0.798017 -0.602635 0.000000 37.263226 0.000000 0.000000 1.000000 0.000000 0.000000 0.000000 0.000000 1.000000
-0.559679 0.828709 0.000000 -22.031462 -0.828709 -0.559679 0.000000 36.191502 0.000000 0.000000 1.000000 0.000000 0.000000 0.000000 0.000000 1.000000
-0.515164 0.857092 0.000000 -22.648825 -0.857092 -0.515164 0.000000 35.085655 0.000000 0.000000 1.000000 0.000000 0.000000 0.000000 0.000000 1.000000
-0.469213 0.883085 0.000000 -23.206966 -0.883085 -0.469213 0.000000 33.948765 0.000000 0.000000 1.000000 0.000000 0.000000 0.000000 0.000000 1.000000
-0.421953 0.906618 0.000000 -23.704332 -0.906618 -0.421953 0.000000 32.784000 0.000000 0.000000 1.000000 0.000000 0.000000 0.000000 0.000000 1.000000
-0.373518 0.927623 0.000000 -24.139532 -0.927623 -0.373518 0.000000 31.594614 0.000000 0.000000 1.000000 0.000000 0.000000 0.000000 0.000000 1.000000
-0.324042 0.946043 0.000000 -24.511356 -0.946043 -0.324042 0.000000 30.383919 0.000000 0.000000 1.000000 0.000000 0.000000 0.000000 0.000000 1.000000
-0.273663 0.961826 0.000000 -24.818766 -0.961826 -0.273663 0.000000 29.155287 0.000000 0.000000 1.000000 0.000000 0.000000 0.000000 0.000000 1.000000
-0.222521 0.974928 0.000000 -25.060905 -0.974928 -0.222521 0.000000 27.912144 0.000000 0.000000 1.000000 0.000000 0.000000 0.000000 0.000000 1.000000
-0.170759 0.985313 0.000000 -25.237103 -0.985313 -0.170759 0.000000 26.657955 0.000000 0.000000 1.000000 0.000000 0.000000 0.000000 0.000000 1.000000
-0.118521 0.992952 0.000000 -25.346863 -0.992952 -0.118521 0.000000 25.396214 0.000000 0.000000 1.000000 0.000000 0.000000 0.000000 0.000000 1.000000
-0.065952 0.997823 0.000000 -25.389879 -0.997823 -0.065952 0.000000 24.130440 0.000000 0.000000 1.000000 0.000000 0.000000 0.000000 0.000000 1.000000
-0.013200 0.999913 0.000000 -25.366037 -0.999913 -0.013200 0.000000 22.864159 0.000000 0.000000 1.000000 0.000000 0.000000 0.000000 0.000000 1.000000
0.039590 0.999216 0.000000 -25.275396 -0.999216 0.039590 0.000000 21.600887 0.000000 0.000000 1.000000 0.000000 0.000000 0.000000 0.000000 1.000000
0.092269 0.995734 0.000000 -25.118216 -0.995734 0.092269 0.000000 20.344173 0.000000 0.000000 1.000000 0.000000 0.000000 0.000000 0.000000 1.000000
0.144690 0.989477 0.000000 -24.894930 -0.989477 0.144690 0.000000 19.097506 0.000000 0.000000 1.000000 0.000000 0.000000 0.000000 0.000000 1.000000
0.196708 0.980462 0.000000 -24.606161 -0.980462 0.196708 0.000000 17.864361 0.000000 0.000000 1.000000 0.000000 0.000000 0.000000 0.000000 1.000000
0.248178 0.968714 0.000000 -24.252716 -0.968714 0.248178 0.000000 16.648172 0.000000 0.000000 1.000000 0.000000 0.000000 0.000000 0.000000 1.000000
0.298957 0.954267 0.000000 -23.835579 -0.954267 0.298957 0.000000 15.452332 0.000000 0.000000 1.000000 0.000000 0.000000 0.000000 0.000000 1.000000
0.348902 0.937159 0.000000 -23.355911 -0.937159 0.348902 0.000000 14.280174 0.000000 0.000000 1.000000 0.000000 0.000000 0.000000 0.000000 1.000000
0.397875 0.917440 0.000000 -22.815052 -0.917440 0.397875 0.000000 13.134964 0.000000 0.000000 1.000000 0.000000 0.000000 0.000000 0.000000 1.000000
0.445738 0.895163 0.000000 -22.214506 -0.895163 0.445738 0.000000 12.019893 0.000000 0.000000 1.000000 0.000000 0.000000 0.000000 0.000000 1.000000
0.492360 0.870392 0.000000 -21.555950 -0.870392 0.492360 0.000000 10.938070 0.000000 0.000000 1.000000 0.000000 0.000000 0.000000 0.000000 1.000000
0.537609 0.843194 0.000000 -20.841219 -0.843194 0.537609 0.000000 9.892510 0.000000 0.000000 1.000000 0.000000 0.000000 0.000000 0.000000 1.000000
0.581359 0.813647 0.000000 -20.072304 -0.813647 0.581359 0.000000 8.886128 0.000000 0.000000 1.000000 0.000000 0.000000 0.000000 0.000000 1.000000
0.623490 0.781831 0.000000 -19.251339 -0.781831 0.623490 0.000000 7.921719 0.000000 0.000000 1.000000 0.000000 0.000000 0.000000 0.000000 1.000000
0.663882 0.747837 0.000000 -18.380630 -0.747837 0.663882 0.000000 7.001989 0.000000 0.000000 1.000000 0.000000 0.000000 0.000000 0.000000 1.000000
0.702425 0.711758 0.000000 -17.462597 -0.711758 0.702425 0.000000 6.129494 0.000000 0.000000 1.000000 0.000000 0.000000 0.000000 0.000000 1.000000
0.739009 0.673696 0.000000 -16.499794 -0.673696 0.739009 0.000000 5.306664 0.000000 0.000000 1.000000 0.000000 0.000000 0.000000 0.000000 1.000000
0.773534 0.633755 0.000000 -15.494910 -0.633755 0.773534 0.000000 4.535792 0.000000 0.000000 1.000000 0.000000 0.000000 0.000000 0.000000 1.000000
0.805902 0.592049 0.000000 -14.450743 -0.592049 0.805902 0.000000 3.819028 0.000000 0.000000 1.000000 0.000000 0.000000 0.000000 0.000000 1.000000
0.836025 0.548692 0.000000 -13.370203 -0.548692 0.836025 0.000000 3.158369 0.000000 0.000000 1.000000 0.000000 0.000000 0.000000 0.000000 1.000000
0.863817 0.503806 0.000000 -12.256303 -0.503806 0.863817 0.000000 2.555656 0.000000 0.000000 1.000000 0.000000 0.000000 0.000000 0.000000 1.000000
0.889202 0.457515 0.000000 -11.112146 -0.457515 0.889202 0.000000 2.012570 0.000000 0.000000 1.000000 0.000000 0.000000 0.000000 0.000000 1.000000
0.912108 0.409950 0.000000 -9.940923 -0.409950 0.912108 0.000000 1.530624 0.000000 0.000000 1.000000 0.000000 0.000000 0.000000 0.000000 1.000000
0.932472 0.361242 0.000000 -8.745897 -0.361242 0.932472 0.000000 1.111161 0.000000 0.000000 1.000000 0.000000 0.000000 0.000000 0.000000 1.000000
0.950237 0.311527 0.000000 -7.530399 -0.311527 0.950237 0.000000 0.755350 0.000000 0.000000 1.000000 0.000000 0.000000 0.000000 0.000000 1.000000
0.965354 0.260943 0.000000 -6.297804 -0.260943 0.965354 0.000000 0.464181 0.000000 0.000000 1.000000 0.000000 0.000000 0.000000 0.000000 1.000000
0.977780 0.209633 0.000000 -5.051574 -0.209633 0.977780 0.000000 0.238471 0.000000 0.000000 1.000000 0.000000 0.000000 0.000000 0.000000 1.000000
0.987481 0.157738 0.000000 -3.795168 -0.157738 0.987481 0.000000 0.078846 0.000000 0.000000 1.000000 0.000000 0.000000 0.000000 0.000000 1.000000
0.994430 0.105404 0.000000 -2.532088 -0.105404 0.994430 0.000000 -0.014250 0.000000 0.000000 1.000000 0.000000 0.000000 0.000000 0.000000 1.000000
0.998606 0.052775 0.000000 -1.265856 -0.052775 0.998606 0.000000 -0.040556 0.000000 0.000000 1.000000 0.000000 0.000000 0.000000 0.000000 1.000000
1.000000 0.000000 0.000000 -0.000000 -0.000000 1.000000 0.000000 0.000000 0.000000 0.000000 1.000000 0.000000 0.000000 0.000000 0.000000 1.000000</float_array><technique_common><accessor source="#aspas-Matrix-animation-output-transform-array" count="120" stride="16"><param type="float4x4"/></accessor></technique_common></source><source id="aspas-Interpolations"><Name_array id="aspas-Interpolations-array" count="120">
 LINEAR LINEAR LINEAR LINEAR LINEAR LINEAR LINEAR LINEAR LINEAR LINEAR LINEAR
LINEAR LINEAR LINEAR LINEAR LINEAR LINEAR LINEAR LINEAR LINEAR LINEAR LINEAR LINEAR
LINEAR LINEAR LINEAR LINEAR LINEAR LINEAR LINEAR LINEAR LINEAR LINEAR LINEAR LINEAR
LINEAR LINEAR LINEAR LINEAR LINEAR LINEAR LINEAR LINEAR LINEAR LINEAR LINEAR LINEAR
LINEAR LINEAR LINEAR LINEAR LINEAR LINEAR LINEAR LINEAR LINEAR LINEAR LINEAR LINEAR
LINEAR LINEAR LINEAR LINEAR LINEAR LINEAR LINEAR LINEAR LINEAR LINEAR LINEAR LINEAR
LINEAR LINEAR LINEAR LINEAR LINEAR LINEAR LINEAR LINEAR LINEAR LINEAR LINEAR LINEAR
LINEAR LINEAR LINEAR LINEAR LINEAR LINEAR LINEAR LINEAR LINEAR LINEAR LINEAR LINEAR
LINEAR LINEAR LINEAR LINEAR LINEAR LINEAR LINEAR LINEAR LINEAR LINEAR LINEAR LINEAR
LINEAR LINEAR LINEAR LINEAR LINEAR LINEAR LINEAR LINEAR LINEAR LINEAR LINEAR LINEAR
LINEAR</Name_array><technique_common><accessor source="#aspas-Interpolations-array" count="120"><param type="name"/></accessor></technique_common></source><sampler id="aspas-Matrix-animation-transform"><input semantic="INPUT" source="#aspas-Matrix-animation-input"/><input semantic="OUTPUT" source="#aspas-Matrix-animation-output-transform"/><input semantic="INTERPOLATION" source="#aspas-Interpolations"/></sampler><channel source="#aspas-Matrix-animation-transform" target="aspas/matrix"/></animation><animation><source id="aspas-visibility-animation-input"><float_array id="aspas-visibility-animation-input-array" count="2">

0.041667 5.000000</float_array><technique_common><accessor source="#aspas-visibility-animation-input-array" count="2"><param name="TIME" type="float"/></accessor></technique_common></source><source id="aspas-visibility-animation-output"><float_array id="aspas-visibility-animation-output-array" count="2">

1.000000 1.000000</float_array><technique_common><accessor source="#aspas-visibility-animation-output-array" count="2"><param type="float"/></accessor></technique_common></source><source id="aspas-visibility-animation-intan"><float_array id="aspas-visibility-animation-intan-array" count="2">

0.000000 0.000000</float_array><technique_common><accessor source="#aspas-visibility-animation-intan-array" count="2"><param type="float"/></accessor></technique_common></source><source id="aspas-visibility-animation-outtan"><float_array id="aspas-visibility-animation-outtan-array" count="2">

0.000000 0.000000</float_array><technique_common><accessor source="#aspas-visibility-animation-outtan-array" count="2"><param type="float"/></accessor></technique_common></source><source id="aspas-visibility-animation-interpolation"><Name_array id="aspas-visibility-animation-interpolation-array" count="2">
 STEP STEP</Name_array><technique_common><accessor source="#aspas-visibility-animation-interpolation-array" count="2"><param type="name"/></accessor></technique_common></source><sampler id="aspas-visibility-animation"><input semantic="INPUT" source="#aspas-visibility-animation-input"/><input semantic="OUTPUT" source="#aspas-visibility-animation-output"/><input semantic="IN_TANGENT" source="#aspas-visibility-animation-intan"/><input semantic="OUT_TANGENT" source="#aspas-visibility-animation-outtan"/><input semantic="INTERPOLATION" source="#aspas-visibility-animation-interpolation"/></sampler><channel source="#aspas-visibility-animation" target="aspas/visibility"/></animation></animation>
  </library_animations>
  <library_visual_scenes>
    <visual_scene id="Molino" name="Molino">
      <node name="molino" id="molino" sid="molino"><matrix sid="matrix">1.000000 0.000000 0.000000 0.000000 0.000000 1.000000 0.000000 0.000000 0.000000 0.000000 1.000000 0.000000 0.000000 0.000000 0.000000 1.000000</matrix><instance_geometry url="#molino-lib"><bind_material><technique_common><instance_material symbol="lambert1" target="#lambert1"/></technique_common></bind_material></instance_geometry><extra><technique profile="FCOLLADA"><visibility>1.000000</visibility></technique></extra><node name="aspas" id="aspas" sid="aspas"><matrix sid="matrix">1.000000 0.000000 0.000000 0.000000 0.000000 1.000000 0.000000 0.000000 0.000000 0.000000 1.000000 0.000000 0.000000 0.000000 0.000000 1.000000</matrix><instance_geometry url="#aspas-lib"><bind_material><technique_common><instance_material symbol="lambert1" target="#lambert1"/></technique_common></bind_material></instance_geometry><extra><technique profile="FCOLLADA"><visibility>1.000000</visibility></technique></extra></node></node>
      <extra><technique profile="MAX3D"><frame_rate>24.000000</frame_rate></technique><technique profile="FCOLLADA"><start_time>0.041667</start_time><end_time>5.000000</end_time></technique></extra>
    </visual_scene>
  </library_visual_scenes>
  <scene>
    <instance_visual_scene url="#Molino"></instance_visual_scene>
  </scene>
</COLLADA>
